00110001010100100001000000101000000111000000010000001010000101010110011100110101001110110011111000111100001110000000010100000111011101010001111000001010000001000111000100000101000111010010000000000001011100000000011100111010000101110000101101111010000011100011100100111111010110100001010100111100000011010100001000010011001011110010001001010000000000010000001000010000011000100011001100011110001001000010001101111000001100100001011100101101010010000010010100101100000010100011000000010101000011000010001000101010
01111000000100000000100000111100000001000100111100000110000001010110011100100111001101100010000000100111011011010000111000000110001111100000111101000010000010010011111000001100000101110110111100000000001111110001110100110110000010110000110000101101010101110011011100100100000111100100000100111101010010000000111000010111001000000010010001010000000110110001101001000011001100010011001100010000001110100010000101111000001001000000101000111100000110100011001101100011000001100010000101000001000111010010010000110001
00101010010100100001010000100000000000110001101100001010000000110011010001100001001110110010001100100110001111100000011101001111001101000000010000000110010000010010100000001110000001110011100100010110011100000000001100100111000010100000111100110110010101110011000100100101000011100100000100111101000111000100001000011011001010000111000000001001000110010001011000010001011000100011010000000011001010010011000000111101001000100100001000111100000111100011001100101101010001110011101100001110000100110110101101100100
00110111000110100100011100110000000111110001101000011101010100010011010000110110001101100010100100100111011011010000011000000110001001100001101000001101000100100011100000010101000110110010000000011101011100000001000100111101000001110100001100110111000011100111011000111101000100110000010100110001000011010001101100010111001000100111000000010111000101110001100100000110011000100010011100010100001110100010001001111000001000110000101100110111000011110011111100101101010001110011110000001111010001000011111100101100
00111101010100100000010000101000000000100100111100001000000101000011001100110101001110100010001000110100011011010000111000000000001001100001111001000010000101000010000100010010000001100010111000000111001101010101000000110010000101100001011100101111000110100011100001101010000101100000010000110101000111100000011100000001011001100011011000010001000110100000111100001010001011000111000000010101001001110011000000110110011100000000111000110000000000110011001101100011000101110011110000000100000001110010111000110111
01111000000110110000100100111101000111110100111100011111000111010010011000100010001101100110110000110010001000110000011001001111001111000100101000000001000000000011111101000001000000100010011000010000001001000000010100100001000001100100001100110011000000110111011000101011000111000001010100110001000110100100001000010011001010100011110001010000000000100000101100000110001100010011010101010001001011000010011000100001001000110100001001111001000010010011100000100111010001110011110001000001000011110010010100101011
00101111010100100000111000111101000000110100111100000011000111100010100100100110011100110010101100111100001000110000011101001111001101000000010000000110010000010010010100001001000100110011101101010011001111010001000100110100000010100000000000101001010101110011100000100101000011100100000100111100000011010001000000010111011001100011111000011111010101100000111000001100001100000011010101010001001010010010100100111100011100000000101101111001000001010011111100100100000011110010000101000001000001100010111001100100
00110111000110010000011000110000010100000000110100011010000001010110011100101000001111100110110000111101001000100001011001001111001100110000001100001100000001000111000100000000000001100110111100010010001111000001110001110011000011000000101101111010000110000011111001101010000101010000100101110100010010000100001000010001001001110010010100000011010101100001011100001011001001110010001000010100011010000011000000111101011100000000001100101011010010000011011100100100000001100011110000001111010001000010010000101010
01111000000001100000111100101000000001000100111100000011000110000011001100110101001111110010100101110011001110010000110100011000001110110100101000010001000101010010001100000100000101110011101101010011001010010001111100100110010000110000001000110110000110100011100100111001000011100100000100100110000010010000110001010010001100100011100000010101010101100001000100000110001001100111000000010010001010010011001000101011001101010100001000100000000001110010001101100011000100000011000000010011000000010110101100101000
00110111000111010000110000100000000111100100111100000000000001110010001000110011011100110010110100100111011011010000111100001010011101010001110100001011000011110011010101000001000110110010000101010011001111010000100101110011000010110000001000110011000001010111011000100011010110100001011000110101000110110100001000000110001011100011010100000010000100110100001100001010011000100010001000010100001001010010001000110101001100100000011100101011010010000011111100110111010001110011010000001101000010000110101100110000
00110111000111010100011100111110000101010000001100000011010100010110011101100001001000110010010000111100001110010000110101001111001101000000011000000000000101000011110001000001000111010010000101010011001001000001100000110110010000110000000000110101000000100011100000111110000111110001001101110100000100010000110100000111001101000111000000010011000111100000011000000110001010010010001101010001001111110010001000101010001101010100001000101101000111010010010000101101000011100011101101000001000101100010111000100000
01111000000010110000100000111100010100000001101000011100000101000010001101100001001001110010001101110011001011110000011101001111001101000100101000001110000010000010010100010101000111100010101001010011001110110001100100110111010000110001010000110011000000110011111001101010000111010000110100110101000110110001000100010111001101010111000000011001000110000100001100000010011000100010010000000110001000010010100100101011001110010001100000111100000011000111011000100001000000100011000101000001000001010010010100100000
01111000000010110000100000111100000000100100111100000010000111100011001100101001001101100011111000100000011011010001011000001010001110010000011000001011000011110111000100010010000001100010000000000001001110010001010100100000010000110000000100110101000000100010001001101010000000110000111000100001010010000000110100011100011001100010010000011000000100110100001100010111001001110011010100010011001010010010101100110100011100000001011000111100000010010011101101100011000111100011101000010100010001000011111100100101
00101101000101010000111100111101010100000000001000001010010100010010010100101110001001100011100001110011001101000000110100011010001001110100101000010010000000000010001000010101010100100011101100011011001110010001111000111000000010100000110101111010000011100011100100111111000010000100000100110010000111010001011000000111001101000011010101010000000000010000001000010000011000100011110100010100011010000010011000110110001101000100001000100000000001110010001101100011000100000011000000010011000000010110101100110000
00110111000000010001010000100000000111100000100001001111000111000010001001100001001001110010010000110110011011010000000100001110001001110100101000001001000001000010100000010010010100100010100100000110001100110001101101110011000101110000101100111111010101110010011000101011000011100001001100111101000010010001000000010001001011100010100101010000000111010000011000011010001000010011100000010000001000010010100101111000001111110000110001111001000111000011111000100110010001110011001000010011000010110011111000101010
00111100010100100001000000101100010100000001100000001010000000110010001001100001001100100010000000100100001011000001101100011100011101010001100100001001000010000010000100010001000110110010000101010011001001000001111100100100000011010100001100111011000110010011001001101010000100110100000100100011000010010001000101010010001100100011100000011001000110000000100000001010001011000111000000011110001001100110011100101100001110000000011101111001000011000010010000101010000100010011000001000001000000000010010000110011
00110110010100100000011000100111000010010100111100011011000110000010101000100100011100110010001000111100001110100100001000000111001100000001100101000010000001100011111000001111000111000010111001010011001000110001000100101010010000110000101000101110000001000111011000100110000101010001011100110001010010000001101100011101001100110111000000011110000100110001010100000110001100000111000000010010001010010010101100110100001101010000011001111001000000010010001001100011000100000011110100000000000100000110101100101101
00101100010100100001000000101000000000110100111100011011000110000010101101100001001001000010100101110011001110100000011100011101001100000100101000000110000001000011000000000101010100100010111000011101001101000101000000110100000011000000110100111111010101110011011100100100000111100100000100110110000111010001000000011011001000110011010001010000000101010000101100000110001000010011101101010001001111000010111100111101011100000001001000101100000001000010010100100110010001110011010000001111000000000110101100100111
00110111000111110000001001101001000100100000111000001100000110100110011100110010001001000010100100110010001111110000101100000001011101010000001100010110000100100111000100010101000110100010101001010011001000110001000100111110000001100100001100111011000100010010001000101111000010000100000100100000000000000001000000010111001000110111000000011101000110010000110100010111001010100010001101010001001000010010100101111000001001000000101000111100010010000011000100110001000001100010001100000100010001000010101000101010
00111100010100100001001100100001000101010000000101001111000010000010100000110100011100110011101100111100001000110000011000001010001001110000111100000110010000010010011000001001000101110011110100010110011100000001100100100111010000110001010000111111000110010010001001101010000011100000111001110100000010010001000101010010001011110111000000000010000100110000001000000000001010100011010100010101011010000010000100110111001000100100001000100000000001110010001101100011000001010010000000010101010001000010101000101000
00110100010100100000111001101001000101100000101000000011000001010110011100110110001100100011111101110011001111100000101000001110001110000000111101000010000000000011111100000101010100100011011000011100001001010101000000111011000001100000111100111110010101110011101100110011010110100000110100111101000011100000011100011110001000110010001100000011010101100000010100010001001000110011110100010100011010000110011100111001001111100000011001111001000000010111011000101000000010010011101000010110010001000010001000110000
00101011010100100000101100100110000111100000100001001111000101100010100000101111001101100110110000110010001000110000011001001111001000010000001000000111000100110011010001000001000001010010111000000000011100000001111000111100000101110000101100110011000110010011000101101010000111110000110100100111000011010100001000011011011001100011001100011111000000110000111100000111011000100011010000011110011010000010011000110110001101000100001000110000010010000011000000101100000101010011001000000100000100000110101100100101
00111010000111010001001000111101010100000001011000000000000001000110011100101101001111000010001000110100011011010000011100000001001110100001111100000101000010010111000100010101000111010110111100010101001111110000001000110100000001100001011101111010000000000011111000110011010110100000100001110100000001100000011100010111001000100011010100010100010101100001011100001100011000100111000000010010001010010011001000101011001101010100001000101101000000000011001100110001000000100111010100010110000000010110101100100101
00101010000101110100011100101000000101110000111000000110000111110110011100101000001111010110110000100111001001010000011101001111001110000000001100000110000001010011110100000100010100100010000000010101011100000000010000111011000001100100001100110100000111100011000100100010000011100100000100100011000011010001000000010111011001100011010000010001000110000000000000001010001011000111000000000011001001110011001000110110001101000100001000101101000000000011001101100011000011000011110000010101000001110010001100100001
00110110010100100000111000100111010100000001101100000111000101000110011100110011001101100010101000100001001001000000010100001010001001110000101100010110000011100010001101000001000111100010011000010100001110000000010001110011000001110000110000101101000110010111011000111110000100100000010001110100000110110001011000010011001011110010001000000011010101100000101001000011001101010011000100000010011010000011001100110000001101010001000000111100010010000011111101100011000101010011000000001100000000010010011000100110
00111101000000000100011100100000000001000100111100001110000111010010101101100001001001110010001100111100011011010001010100001010001110010000011001000010000000000011111100000101010100100011101100011011001101010000001000110110010000110001010000111111010101110011011100111000000111110100000100110101000011110000001100011011001010000111000000000111000111100000011000001101011000100011111000011110001010100010100000111100001010010100001000110001000010010011001001100011000100110011101001000001000011110010010100101011
00101111010100100001111000100110000001010100111100000100000101000011011100110101011100110010000100110110011011010000111000000110001111100000111101000010000000000111000100010010000101110010110000000001001101010000010001110011000000010001011000101110010101110011111101101010000100010000010000100100000111000100001000001011001010010010010101010000000110100000101000001000001001110111000000010000001001100110011100110111001100010001011000110001010010000010010100100010000001000010011100000100000000000110101100110100
00101010000100110001111000101100000000100100111100001110000111110010001101100001001001000010100100110111011011010001000100011000001100000000101100010000010000010010010100001110010100100011110100010110001111010001010100111110000000010000011000101000010101110011111100111110010110100000000000111000000001000100001000000110001010010011111101010000000000010000011000001111001011100111000000001000001011010010011000110000011100000100001000101110000011010011101000101111010001110011100000000000000111010010100100100001
01111000000001010000001001101001000101110000000000011011010100010010101100101110001000000011100001110011001001000000110001001111001000010001100000000011000011110010001000001101000100110011101100011010001111110001111001110011000011100000001000100011000101010011001101101010000100110100000100110101000110110000100100010111001000100111000000010110000110010001000101000011001101100011111100011110011010000010101000101101001100110000101001111001000010100010001100110111010001110011100000000000000111010010100100100001
01111000000001100000111100100000000000110100111100011011000110010010111000101111001101000110110000100100001011000001000101001111001101000100101000001111000000000010001000010101000101110011110100000011001110010001010100110000000001100100001100101110000111100011101001101010000000110000111000100001010010000001011000011101001101000011010101010000000111110001011101000011001000110011110000011101011010000011001000101000011100000001000000101100000001100011100000101010000010010111010100010010000001110010101000110110
00111101000101100100011100100000010100000001100000001110000000100110011100110101001110110010100100100001001010000100001000000110011101010001100000000111000011000011010000001100000100000010101000000001011100000001100100100111010000110000001000110110000110110111011000111110000101010000111001110100000111110000011100011110001010100111000000010001000110000000011101000011001110110011111100000100011010000010010000111001001111000000111001111001000001010011001101100011000100100010010101000001000001010010110000100101
00110001000111000100011100100011000001010001110000011011010100010011001100101110011100110010111000100001001010000000001100000100011101010000011100000111010000010011110100001000000110010010101001010011001100010101000000100011000100010000110000110111000111100010010100101111010110100001001000111011010010000000000100010011001101010010010100010001000110100000111100011010011000100011001100000011001111010010001000110100011100000000101100110111010010000010001000101011000000100111010100001111000001010010011000100001
01111000000111010000000101101001000100100000101000000110000111110110011100101001001111000010001000110110001111100001011001001111001111000000011101000010000000000111000100000010000000000011101000011110001000000001110000110110000001110001011000101010010101110010011000100011000111110000001000110001010010000000110100010100011001100010000000010001000001100000011000010001011000100011110000001000001000010010100101111000001110000000011100101011000011010111011000100000000001100010000000010010000000010110101100101101
01111000000000000000001000100100000101010000001000001101000101000011010101100001001110100011100001110011001011000000111000000011011101010000101100001110000011010111000100000000000111100010001101010011011100000000010000111011000001100001101001111010000001000011011100110011010110100000000000111000000001000001000101010010001100010011010100011100000110100100001100010111001010100011000100000101011010000010001000110110001101000001000101111001000111110011001100101111000010110111010100000011000100010011111101100100
00110001000111110100011100100000000111100100111100001110010100010010100100100100001001000110110000111011001010000000111000000011011101010000111100010100000001000010001100011000010100100011101100011010001111010001010101110011000110100000110000101111010101110011001000100101000011110000001100111000000011010000000100000000001010010010001100000011010101100000111000011010011000100011110100011000001001100010001101111000001010010000110100101100010010000010010100100010000011100011000101000001000011010010110101100100
00101111000101110100011100100001000100010000101101001111000100110010001000100100001111010110110000110000001000010000110100011100001100000001100001000010000010000011111101000001000100110010100000010110011100000001110100110010000110100000000100111111010101110011111100111110010110100001011000111011000111010000111000010110001100000011010101010000000101000000011000000110001011000111000000010111001000010010100100111101011100000000001100110111000011000111011000110111000011110011010000010101010001000010011000100101
00111100000101110100011100100100000101010100111100011000000100000010100100110101011100110011100000111100011011010000011000000110001100000100101000010110000010010011010001000001000110110010101100010110001100010101000000101010000011000001011001111010000111110011011100101110010110100000111000110010010010000000111100010111011001100010011100011000000110010100001100010100001000110010001101010001001110110010111100111101011100000000001101111001000001100011001100110101000000100010011100001111000000010010111000100000
00100001010100100000001000111111000101010001110100000011000111100011000100100100001111110011010101110011001001110000011100011000001100000000011001000010000101100011100100001110000000010010101001010011001000110001100000111010000011010000011001111010000001010011001100101100000101100000010000110111000111000001000101010010001010010011111001010000000011110000110000010110011000100011111000011110001111000110011100101111001101010000011100101001000000010011100001100011000011100011101101000001000001010110101100110100
00111001000000000001001100110000010100000000110100001110000001010010111100110011001111000010001100111110011011010001000100000000001110000000111101000010000000000011001000010101000000000010101000000000001000110101000000110010000100000000100000110011000110010111011000100111000111110100000100100011000000000000001100000110011001100011100000010001000001100001001100000110001011000011010100010101011010000011111000110111001001010100001000101101000000000011011100110111000101000111010100010110000011000010101000110000
01111000000110100000011000111001000000000000101000000001000101000010001101100001001010100010001100100110011011010001101100000000001000000100101000010101000010010011111001000001000100010010011100010010001000100001110100110110000001110100001100110111000011100111011000101110000110110000010101110100000111110000101100000110001011100111000000000011000100110000111100000101001001110011011000010111001010010010010000110001001111100000010101111001000000100011100100101000000000100010011001000001000101110010001000110100
00101000000110110000100101101001000100110000000000001001000101110010001000100100011100110010000000111010001001100000011101001111001011000000010100010111000100110011010001000001000111010010000101010011001100010101000000111111000000100001011100111111000110010011111100101101000100100001010101110100000110110000101000011101001100010111000000010010000000110001011101000011001101100011100000010100001001100110011100110000001101010100001000101110000010010010001000100000000011110011000000000101010001000010011000100001
01111000000001010000011000111101000100110000011101001111000001010010111100100100011100110010101000100001001000100000110000011011011101010000111000001101000011100010001101000001000100110010001100011111011100000001111000111010000001000000101100101110010101110010000100100011000101100000110100111101000001100100001000001011001010010010010101010000000000100000110001000011001000010011111100011100001011010110011100111001001111100000011001111001000000000011001101100011000101000011010000001000000000000110101100101101
00101100000000010100011100111010000001010001111100011111000111100011010000100100001101110110110000100111001000100100001000001101001100000100101000000100000101000011111101000001000001100011101000000001001111100001100100111101000001000100001100101110000000000011001100100100000011100001100000111011000001100000011101010010011001100010010000011001000110110000011001000011001101010011111100011111001111000110011100111110001111000001101101111001000000010010001000110000010001110011100100001000000011110010111001100100
00110001000111110100011100111001000100010001110100001110000111010011111000111011001101100010100001110011001011110001101101001111001111000001111001000010000010000011010101000001000111100010011000011000001101010101000000100111000011000100001100111000000100100111011000100111000000110100000100111011000001000000011001010010001101010011010100011100000100000100001100000010001001010011000100011000001001100110011100111010001001010001011001111001000000010011101101100011000101000010000100001000000010000010011101100100
00101100000000000001111000100000000111100100111100011011000111100110011100100111001110100010001000110111011011010000101100011011011101010000101100000100000101010011010000010011010100100011111100011111001100010001100100110111010000110001000000110010000111100010010000111110010110100000010100110101000100010001000101010010001001110011111000010100010101100000110100001010001001010011100000000101001110110110011100101111001110000000011100110111010010000010111100101100000100100111010100001100000001010010111100100001
01111000000111110000001001101001000010010000000000011010000000110110011100101110001001000010001001110011001000110000110100011000011101010001001100001101000101000111000100001100000100110010011000011111011100000001001000110010000000000000100001111010000110100010111101101010000011100000100100111101000001100000010100000001011001100011000100011110000100100100001100001010011000100010011100010000001001000010110001111000001110000000110100110100000011010111011000100010000010110011101000001111000000010110101100100110
00101101000001100100011100110000000111110001101001001111000110100010001000100100001000110110110000111110001101000100001000000000001110010000111001000010000100100011001000000000000000000010100101010011001101100000001000111100000011100100001100101110000111110011011100111110010110100001011100110001000110100001101101010010001000000011100100000010000001010001011101000011001101010011010100010100001000110110011100111011001100010001011100101010000011010111011000101010000100110111010100010011000000010010011000101101
00110110000101100001010001101001000010010000000000011010010100010010100000100111011100110010010100111101001000110000110100001100001100000000010000000001000001000111000100000000000111000010101101010011001110010000010001110011000100000000111000111111000110110011101000111001010110100000110100111101000000110000011101010010001010110011010101010000000011110000110000010110011000100011001100010000001001100011001101111000001101110000011100101101010010000010010000101010000000110111010100001110000000100110101100101101
00101100010100100000010000101000000001010001110000001010010100010011111000101110001001100110110000100001001010000000111100001010001110000000100000000111000100110111000100001000000001100110111100010010001111000001110001110011000101110000110000110101010101110010000100101111000101100000110101110100000100010000011100010011001011100111000001010000000101010000001000010110001100010011010101010001001111000010111100111101001000100000011101111001000111110011001101100011000001100010011100000100010001000010101000100011
00111001000110110000100101101001000001110000011100001010000111110110011100101000011100110010000000111100001110110000011100001011011101010001001100001101000101000111000100010010000111010110111100010001001100010001001100111000010000110000000100111111000100010011100100111000000111110100000100101101000001110001011101010010001010100011111100000011000000100100001100010111001010100011010101010001001001110010100100111101011100000001000000111100000010010011101001100011000100110011110100001000000010100010110001100100
00100001000111010001001000111111000101010100111100001010000001110010001000110011011100110010011100111101001000100001010100000001011101010000001100010110010000010010011000000000000000010110111100000001001100010000001000110110010000110000101001111010000000000011011100111001010110100001010100111100000011010001000000010111011001100011100101010000000001000000011000001110001001110011110100010011001011010011010101111000001110010001011001111001000010010011101000101111010001110010000100001110000010110110101100110011
00111101000111100000101101101001000001110000011000000001000101010110011100101000001111010110110000111110001101000100001000000111001101000000001100010000010000010010100000001110000001110110111100000100001101010000001000110110010000110001011100110010000100100010010000101111010110100001100000111011000111010100001000000000001000110011110100010101000110110000000100000110001100000111000000011000001111000110011100111001001111000000111001111001000011000011100100110100000010010111010100010101000011000010111001100100
00101011000001100000011000100000000000100001110001001111000010000010100000110100011100110011101100110110001111110000011101001111001000010000001000000111000100110011010001000001000010110010000000000110011100000000001000110110000011100000011000110111000101010011001100111000010110100000100000100000010010000000001100011110001010100111000000011001000000100100001100010100001000110010001101010001001110100010011000101010001101010100001000110000010010000010000100100010000101000111010100010101000011000010111000110110
00111101010100100000111001101001000000100000101000000010000101000010101000100011001101100011111001110011001001000001011001001111001101000000011000001110010000010010010100001110000111010110111100000100001101010001110000111111010000110100001100111011000110010011001001101010000100110100000100100011000010010001000101010010001010000011010100000110000100110001000101000011001001010011111100011110001011000110011100111001001001000100001000101101000011010011101000101111000011100011101101000001000011100010010000101111
00111101000000010100011100101011000001010001101101001111000001010010111100100100011100110011110000100110001000110000000100000111011101010000011000001011000011110011010001000001000101010010000000010110001000110101000000111010000011110000111101111010000100000011001100111110010110100000111000111000000011000000011100000000011001100011001000000101000000100100001100011010001011010010010100000011011010000010101100110111001001100000011100101011000110110111011000110000000100110011010000011000010001000010011000111101
01111000000100110000000000101100010100000000100100011101000111100010101001100001001001000010010000110110001000110100001000010110001110100001111100010000010000010011001100010011000111010010000000011000001111000000100100111101010000110000000100101000000110000011110100101111010110100000110000101101010010000001000100011001001011110011111001010000000101110000110100000111011000100011001000011110001001100010001000101011011100000000101100110100010010000011011101100011000101000011101000001101000000000010001000100001
00101010010100100001000000100001000111110001110001001111000000110010001000110101001001100011111000111101001001000000110000001000011101010000001000000011000011010011011101000001000110100010101000000001011100000000011100110110000010100000010000110010000000110111011000101011000101000000010101110100000011000000101100010110011001100010010000011000000100110100001100010111001101010011100100011111011010000010000100110100001100010000111100111100010010000011010000110001000100100011110000010010000000010110101100110100
00111001000110110000100100111101010100000001011000000000000001000110011100100011001111110011100100110110011011010000100000011010001001100001111001000010000000110011010000010101000001010010101000010110001111100101000000100110000100000100001100111110000111100011001001101010000011100000100100110001010010000000111000011101001100000011010101010000000101110000010100000101001000110011100100000011011010000010101000111001001110010000111101111001000100010011100100110110010001110010000100001110000010110110101100100111
00111001000001110001010000101100010100000000011000000001010100010011001100101001001110100011111101110011001011100000101100011011001011000001100101000010000000110011000000010011000000000010101000011101011100000001001100111100000011110000011101111010000111100111011000111001000011100000100000111000000001000100001000000000001000110011110100010101000110110000000100000110001100000111000000000101001000000010001001111000001101100000101100101011000110110010001001100011000000010011010000001101000010000110101100101011
00111110010100100001010000100111000111110001100001001111000100000010100100100101011100110010010000111100001110100100001000000110001000010100101000000101000011010011100000010010000001100010101000011101001101010001010001110011000000100001000001111010000111100010001001101010000111000000010000111000000001000100001000011011011001100010001000010101000110110000011000001110001000000011010100000011011010000010111000101100011100000000001100110101000001000111011000110111000010000011101001000001000100110010111000101000
00110100010100100100011100100011000001010001110000011011010100010010010100100100001001110011101100110110001010000000110001001111001000000001100101000010000001010011100000000101010100100011101100011011001101010101000000111111000011000001010100111111010101110011011100101100000111000000000000111101000110100100001000011111001001110011100100011101010101100001101000001100001101110111000000010000001001000010101101111000001001000000110100110110010010000010000100100110000010110011100101000001000011100011111000110111
00101100010100100000010100101100000001000001100000001010000101000010100101100001001001100011111101110011001010010000110101001111001011000000010100010111010000010010001100000100000111110010101000011110001100100001010100100001010000110000101000101110010101110011011100100110000101100100000100100000000001110000110101010010001100010011010100011100000110100100001100001001001101110010001100000101011010000010010100111101001001000001010100111100000011010011100001100011000100100010011001000001000011010110101100110110
00111101000111110000001000100100000100100000101000011101010100010010111000110101011100110010011000100110001111100001011001001111001101110000111100010110000101100011010000000100000111000110111100000110001000110101000000110010000011110000111101111010000000110011100100100101010110100001011000110001000001000000111001010010001100010011100100011110000100100100001100001010001011000111000000011100001100010110011100110000001100010000101100101011010010000011111101100011000100000011010000010010010001000011111100101100
00111101000000000000001001101001000110010100111100011000000100000011010001100001001001110010010000110110001111110000011101001111001111000100101000010101000000000010001001000001000001100010011100010110001000100001010101110011000001110000110000101101000110010111011000111110000100100000010001110100000110110001011000010011001011110010001000000011010101100000101001000011001101010011000100000010011010000011001100110000001101010001000000111100010010000011111101100011000100000011010000010010010001000011111100101100
00111101000000000000001001101001000000110000111000001100000000110010001000100101011100110011110000100001001011000001101100001010001001110100101000001011010000010010011000000000000000010110111100000111001110000001010100100001000001100100001100110011010101110010000100101011000010010100000100100000000000000000011100000000001000110111000000011001000000100100001100010100001000110010001101010001001110100010011000101010001101010100001000100000000001110010001101100011000101010011000000001100000000010010011000100110
00111101000000000100011100100000000001000100111100001110000111010010101101100001001001110010001100111100011011010001010100001010001110010000011001000010000101100011100000001111000101100110111100011010001111100101000000111110000110100100001100110010000101100011111100111000010110100000100001110100000111110000001100000001011001100010010000011000000100110001000100000110011000100011100101010001001111110010011000101011011100000001011000110001000011010010010000100110010001110011101000001001010001000010111100101011
00101111000111000100011100111101000110000000101001001111000000100011001100100000001110100011111000100000011011010000101101001111001000100000101100010001010000010010010100001001000101110011110100010110011100000001100101110011000101000000001000101001010101110010001000100010000111110001001100110001010010000000101101010010001100010011000100000011010101100001011100001011001001110010001000010100011010000011010000111001001100110001000000111100000011000111011000110011000101010011010000011000000000010011100101100100
00110001010100100001000000101000000000110100111100011011000110010010001000110011001101100110110000111010011011010001010100001110001001100100101000010110000010010011010000010011000101110110111100011010001001000101000000100100000000100001000001111010000001010011011100111000000111110100000100101101000001110001011101010010001101000011010100011101000100110000111000000001001001110010001001010001001000010011001101111000001100010000111000110101010010000010001000101100000010000111010100010110000000010010011100101000
01111000000001010000111000100111000101000100111100000110000111110110011100101100001010100110110000111011001011000000101100011101011101010000001101000010000101100011000000010010010100100011101100011011001101010000001000110110010000110000101001111010000000000011011100111001010110100001010100111100000011010001000000010111011001100011010000011111000000010000110101000011001101100011100000010100011010000011010000101100001100010000101100101011000110110111011000101010010001110010001000000000000101110110101100110000
00110000000101110001010100101100010100000000011001001111000001100010011000110010011100110011100000111011001010000001000000001010011101010001100100000011000000100010001100000100000101100110111100000011001000100001000100101010000001100001000101111010000111100111011000111101000110110001001001110100000111000000101000010111001101000011010101010000000111110100001100010100001000110010001101010001001111000010111100111101001000100000011101111001000000010010001001100011000100000011010000010010010001000011100100100101
00101010000101110100011100110000000111110001101001001111000000110010001000101100001101100010000100110001001010000001000001001111001111000001111001000010000101100011100000001111000101100110111100011010001111100101000000111110000110100100001100110010000101100011111100111000010110100000100001110100000111110000001100000001011001100010010000011000000100110001000100000110011000100011100101010001001111110010011000101011011100000001011000110001000011010010010000100110010001110011000100001110000100110010010101100100
00101100000110100000001001101001000000110001101100001110000110000011010100110010011100110010010101110011001110100000001100011100011101010001111000001010000001000010001100000100010100100010011001010011001001110001000100100000010000110001011100110010000100100010010000101111010110100001001000110101000010110001000000010111001000100111000000000000000001000000001000011010001001110010001001010001001000010110011100101111001100010001000101111001000111000011111000100110000101010011000001000001000011010110101100110011
00111001000000010100011100111101000110000000101000011101000101000110011100101000001001110110110000100100001011000001000101001111001001110000101100010000000001000111000100011000000111010011101001010011001000100001010100111110000001100000111000111000000100100010010001101010000100110001010100101100000100000001101000001010001111100010100000001000000011100001101100011011001110100010100000001001001100000011111100100000001010000001101000100001000100000010111000111011000111110010110100011001000111000011001100111100
